# [1]Indel length	[2]Count
-60	2498
-59	47
-58	86
-57	62
-56	120
-55	67
-54	126
-53	69
-52	132
-51	84
-50	184
-49	168
-48	186
-47	108
-46	158
-45	129
-44	228
-43	126
-42	213
-41	143
-40	366
-39	184
-38	296
-37	219
-36	470
-35	243
-34	432
-33	288
-32	687
-31	332
-30	795
-29	364
-28	922
-27	492
-26	928
-25	699
-24	1487
-23	635
-22	1292
-21	813
-20	2570
-19	993
-18	2256
-17	1206
-16	3868
-15	2459
-14	3678
-13	2198
-12	7700
-11	2805
-10	7850
-9	4334
-8	13644
-7	5606
-6	16469
-5	15149
-4	50939
-3	35461
-2	93001
-1	231480
1	235375
2	92083
3	33472
4	48664
5	14251
6	15959
7	5163
8	13655
9	4196
10	7499
11	2619
12	7473
13	1903
14	3355
15	2226
16	3746
17	1064
18	2141
19	889
20	2492
21	793
22	1245
23	613
24	1485
25	646
26	867
27	497
28	919
29	346
30	717
31	307
32	612
33	275
34	400
35	272
36	450
37	201
38	268
39	156
40	355
41	142
42	214
43	127
44	170
45	136
46	133
47	113
48	176
49	137
50	148
51	86
52	135
53	79
54	117
55	74
56	105
57	63
58	89
59	62
60	2909
