# [1]Indel length	[2]Mean VAF
-60	0.57
-59	0.59
-58	0.63
-57	0.64
-56	0.62
-55	0.60
-54	0.60
-53	0.57
-52	0.57
-51	0.62
-50	0.64
-49	0.56
-48	0.57
-47	0.60
-46	0.63
-45	0.60
-44	0.63
-43	0.64
-42	0.62
-41	0.65
-40	0.63
-39	0.61
-38	0.63
-37	0.65
-36	0.62
-35	0.60
-34	0.66
-33	0.62
-32	0.66
-31	0.65
-30	0.65
-29	0.65
-28	0.65
-27	0.62
-26	0.65
-25	0.64
-24	0.64
-23	0.62
-22	0.66
-21	0.64
-20	0.63
-19	0.67
-18	0.64
-17	0.65
-16	0.63
-15	0.64
-14	0.64
-13	0.66
-12	0.63
-11	0.65
-10	0.62
-9	0.64
-8	0.62
-7	0.63
-6	0.62
-5	0.62
-4	0.62
-3	0.62
-2	0.62
-1	0.68
1	0.66
2	0.61
3	0.62
4	0.62
5	0.60
6	0.58
7	0.57
8	0.58
9	0.59
10	0.57
11	0.61
12	0.58
13	0.59
14	0.57
15	0.59
16	0.58
17	0.61
18	0.57
19	0.62
20	0.58
21	0.62
22	0.58
23	0.61
24	0.60
25	0.60
26	0.60
27	0.61
28	0.60
29	0.59
30	0.62
31	0.62
32	0.62
33	0.60
34	0.61
35	0.62
36	0.60
37	0.66
38	0.62
39	0.62
40	0.62
41	0.68
42	0.62
43	0.64
44	0.61
45	0.57
46	0.59
47	0.68
48	0.62
49	0.64
50	0.63
51	0.63
52	0.70
53	0.65
54	0.63
55	0.63
56	0.62
57	0.65
58	0.61
59	0.66
60	0.66
