# [1]Indel length	[2]Count
-60	2532
-59	47
-58	89
-57	60
-56	122
-55	65
-54	121
-53	65
-52	110
-51	94
-50	160
-49	153
-48	209
-47	104
-46	146
-45	126
-44	212
-43	122
-42	232
-41	140
-40	406
-39	173
-38	303
-37	205
-36	444
-35	261
-34	409
-33	282
-32	625
-31	326
-30	763
-29	372
-28	933
-27	465
-26	931
-25	686
-24	1511
-23	640
-22	1300
-21	837
-20	2507
-19	957
-18	2231
-17	1229
-16	3815
-15	2370
-14	3606
-13	2079
-12	7701
-11	2778
-10	7865
-9	4380
-8	13523
-7	5622
-6	16371
-5	15288
-4	50962
-3	34973
-2	92672
-1	231786
1	234676
2	91808
3	33417
4	48655
5	14092
6	15980
7	5211
8	13527
9	4098
10	7281
11	2608
12	7428
13	1885
14	3371
15	2254
16	3684
17	1102
18	2142
19	867
20	2411
21	798
22	1183
23	611
24	1511
25	645
26	775
27	474
28	863
29	339
30	672
31	309
32	542
33	219
34	379
35	276
36	401
37	192
38	245
39	157
40	334
41	156
42	193
43	116
44	178
45	125
46	151
47	102
48	171
49	112
50	143
51	80
52	125
53	90
54	118
55	75
56	99
57	58
58	80
59	58
60	2615
